22602137467
6357701027
7031471095
12516719123
5436549044
2049933068
16837316258
10601574582
09:00,7150,7130,7150,7144,576972;09:02,7130,7090,7130,7106,502241;09:04,7090,7060,7090,7064,394961;09:06,7090,7064,7080,7071,663127;09:08,7100,7066,7078,7084,545511;09:10,7100,7087,7100,7097,124943;09:12,7100,7080,7088,7082,297436;09:14,7088,7078,7080,7082,302361;09:16,7120,7080,7081,7094,496150;09:18,7120,7088,7110,7105,166020;09:20,7109,7094,7095,7095,919014;09:22,7110,7094,7095,7097,508401;09:24,7100,7090,7100,7094,464720;09:26,7092,7073,7091,7084,413762;09:28,7077,7073,7076,7074,323348;09:30,7090,7075,7076,7081,193461;09:32,7080,7075,7080,7076,376271;09:34,7088,7049,7075,7063,1267368;09:36,7090,7050,7050,7084,530480;09:38,7130,7080,7090,7098,550998;09:40,7146,7092,7135,7109,746188;09:42,7170,7095,7130,7117,1156799;09:44,7179,7110,7170,7168,231680;09:46,7180,7161,7175,7176,318935;09:48,7192,7170,7177,7181,632109;09:50,7280,7180,7180,7217,905472;09:52,7279,7231,7249,7247,358633;09:54,7272,7246,7270,7259,512750;09:56,7250,7245,7250,7248,380456;09:58,7250,7230,7244,7243,569179;10:00,7247,7230,7247,7231,292694;10:02,7243,7142,7243,7207,164697;10:04,7238,7153,7229,7173,225897;10:06,7235,7168,7173,7226,1070343;10:08,7234,7209,7233,7227,1069502;10:10,7231,7200,7230,7225,874686;10:12,7228,7211,7220,7219,480399;10:14,7227,7211,7220,7213,35031;10:16,7220,7213,7215,7214,196069;10:18,7213,7200,7213,7208,63293;10:20,7200,7175,7200,7192,453021;10:22,7200,7176,7186,7185,107122
13813199191
7076349473
9260437704
9260437704
2370931304
26692591570
19829462879
