1463200485
9472962193
3265167980
2154758663
8500751260
22622552027
13151962302
2132526506
6695036123
6730943828
4310259348
10246666687
16655284821
3018965216
19123428849
1525141094
6771855734
16230123778
4776022690
17216980796
1117844629
1557499074
2154584008
3291597533
8314325450
5778970792
7083387973
488496227
3525213842
1713294366
28619253593
1457679144
1545506303
5616375111
18184705862
13600898325
13954773177
27293029386
2263481729
26506988142
3154731467
27162630755
5560443158
11701437498
27461622648
6785535698
2270200608
21933359075
8897165649
17691634298
3149829510
1101963297
9535904431
2928186949
6260448940
11465425923
16632780915
27882156434
4853880879
13116505532
7761279572
15841375231
1695911527
9035310465
6242897537
1720130466
25587456592
992383606
6817522055
905591599
1972098772
5401383668
1488176430
5882755095
4198391150
19572064481
24754505470
1671778241
3660063429
28107767038
3838206451
7296319285
9923660880
8510182949
15528156894
8076607602
2253412677
1992469057
10018708161
22615195338
21540483847
26992487182
14337443932
18113146662
26340910926
5346818940
6518010596
28457537588
2045063429
5400289335
4821663950
8271091972
13136107121
2684845055
25606133279
10406333866
3279469880
21008775278
4149729398
13020860355
8761141609
7139647195
8536892932
12901604100
11661625880
6678042190
3924827022
5764299784
7183744033
2675274674
4110364458
2203421160
1544503809
3011405704
28495624952
9493896170
27990931946
4075095852
1550483221
10687662502
1173227617
1792851772
12992190974
6910982954
6828984960
14990244729
8483449943
1530951394
7538658729
23408578501
449572006
18972295056
5676145785
11070181455
12404842985
4260510868
3593183597
25819810465
5574113473
1811836212
3663209705
27507682868
1720708726
21482216839
22923931926
25845863679
27716159861
23831396612
28658354724
2973154431
2269639042
26585968045
2182566313
12026567414
6248092745
3926474879
9284318153
10446267973
3209105556
2168441387
5949016012
6393385372
3440358997
21272698887
3685685120
5891407116
1481949172
3069000909
7632930785
28235711313
4258760123
25140023478
3654559630
4586666034
1579254724
9299429181
28373765941
3159897904
5356264738
8521469583
26937129993
2963008872
1693136558
8431200278
8764076052
3013717534
23833201959
5877421975
6347966158
27724565336
25938091088
2027833533
27628525106
28086206389
28676850799
5619276532
4903573952
3565122208
1547282470
8035443388
26429139047
11219414128
14107705260
8043874799
7187023778
9614683952
13724698736
7054537137
27304023278
8998582914
27030327029
4607466363
4642857472
7918407945
1976087891
3927695434
9166281037
18965204167
8225463797
25555665475
3112294060
14479439596
3534829998
27284485710
3261616135
8582188692
8641560152
1914766780
4349103250
4450820535
2018999602
26426723651
8628712491
22084908559
5593257096
10172101469
8175520645
3118136372
15052975676
5718947627
1285069725
13259482554
25376102723
8554027046
8173544675
5500663679
4368613938
9659557127
9306321976
1618402647
6912555469
1626333759
3604022189
2009902851
2243933176
4133791075
4934017926
3670251657
6177754963
5751971527
17094726445
4466075489
14793006090
6688006957
2301967527
12137131023
2245063018
25305502276
24807412911
1728907431
4514365948
8131776561
1734837232
8781782131
4069110313
8701439666
21612761793
28417655584
26959840975
1689294262
8800863670
11449544871
28811865947
11096466659
5868772080
10620770642
1370306819
6532626376
1944623223
6412510159
28081468867
12276944309
9524472239
10199864974
4323701734
1947731480
13806575905
6965122533
5631575841
11066199756
12418729626
8616732820
5363822593
16637278361
3670775485
23348135615
18019321007
13259884550
22013687736
8942796688
27698399919
1747468293
28253998109
26660467802
16349033672
27500116222
21204382524
14100197572
6300575211
28210399770
610172344
9393618380
14894660764
3134024425
1011723312
8254113662
1788789738
27183090032
18982076327
3679208138
8451249478
5536259118
7653161723
550798161
13505433540
23470412102
9941030040
5402191659
1738993046
11121030736
1621077132
27949863420
24747244889
16090966912
8310347179
6837982180
6907919840
600010903
7471313700
8965078329
24315625127
21934712251
22910573444
7546803215
1950266716
2271978912
3542064604
6797596136
9474959008
27675695666
8274190407
5500915395
2159275795
27469286898
24046612796
10497633663
3083392222
26754885410
13973408867
8637160307
27406102596
10648204110
26333613890
3534399465
26797031169
4621239361
17844734428
500081366
5798065481
12502056630
1963333886
28177467175
16859789921
2101868458
4253704979
3703182912
10864724935
3216343771
6814842022
13603861706
8452339572
8162741508
2220355169
1108725901
12832804731
4111076126
14581580622
8081723111
4199885868
28153194593
18018663049
10352553906
1699212856
9172556452
6900241337
12829601245
19355104785
28202382380
1528059304
1672046867
2261383704
1539411665
8992620480
10373640555
3596142548
2980535717
2280287500
1291883601
16263904465
14786126310
7324701512
6053632566
6781666825
1315504428
25000100802
4046441592
27763889996
5806440562
9232797284
2299033043
2062655265
8193174423
2308355285
16513245571
4432047756
21788905159
1553975321
25957123507
3528824968
1098434810
1184993579
3667431785
25478458604
10935777734
3925979042
3981374277
5642242326
3016790878
1526098954
1494524643
7020376374
9055607591
2378671301
28223885922
6049568283
3502293721
8035316600
28686971639
23927498970
1759045695
4498284240
12653558225
1419714204
20652191166
26424208577
5399034255
4137536187
26760441795
2165322423
2275100328
8444980370
14760095224
26473394424
6263341352
1345985648
3247435062
1222804687
8039522762
21675280621
3646875384
9379255118
751220711
6877011162
1805539231
28013379859
3308238917
1046312625
8478513130
22807461197
17294818129
6161799110
9141154167
4725743885
4201060629
17790357075
19105444966
1793540930
15177372698
26522312433
9936652903
3609019598
10687263896
3067338100
2000438358
13830621300
9550349624
16160053787
11672983225
1653759135
17824010299
5658627444
14538486633
11075600737
21919629920
5891376838
28512114445
3669246639
8703832408
10729661507
16637638241
12424503321
5462201745
4639127917
14355040087
5695584807
24501704163
2053063302
2098209139
20204927731
3287134571
1985039254
24773129398
7608773104
22698953546
5569279181
21435237363
2256416620
9293760188
12557594007
11298775653
2396799751
1785390505
7125106997
1641318139
6617710154
4303272907
7496858987
3559553234
967163839
1783150522
27668275305
1635585934
23946417771
21692829297
7151990800
3703331873
2035556067
4747586587
6357137327
6928805319
12614343117
5556720866
2911591568
993206963
1551044092
7025857564
9445177416
3241773703
22223316572
21927417431
8280930970
12907272949
6040042587
973108906
1570246239
6221118416
11392215084
2464496804
4330687597
18178528418
4386088502
28263025129
6608075008
2309887835
1774687996
26823623679
8974821576
2920202649
23281975312
19030822946
5596439011
3869355689
28153868044
10230889160
27735860812
26925535221
27913234171
7635359212
7471543636
1520807482
2056051299
7058678104
29055713343
28894296262
6289363298
11145736008
1371964241
2927437079
2190235830
10949324020
2137843084
23208270165
9382361193
28193713669
7738455808
6061577524
5821550798
2374028328
1796528937
26768452361
7881224432
24297073771
15427240668
4499350786
4098994340
1564945235
25844549562
22827454139
1610678623
7712584785
28599210190
25554446972
4311496346
8422076994
26418131302
16698607890
1402339732
16321571118
13049735131
41252082
1971159681
23444478760
15045102874
14224892788
8795901056
18871253602
22356419306
14700702513
3560036097
16156933586
1180279764
3235307342
651644086
23307076763
15369516062
11283716197
4248999554
28263752532
6360003780
2211471983
5833815617
1513547030
26005987656
7584328915
2018859840
4098018592
3681466379
21785414255
1601801724
2213446834
1524046557
6354098814
5656298221
1580642649
4101009447
9137488473
21454271583
5683074024
6875704162
4733853648
6176703571
2603125056
12807252518
2111506642
7697691652
1566037838
23775758668
1281504176
6205891259
5922843436
5707421799
1505330622
5360892979
11786087745
27979331085
1976137868
505912263
1373708982
7261941898
1439154560
2261992100
4318749279
3272416025
6086942398
6766472438
14781076646
3045403077
1554990380
24965729804
25871404675
5466262633
27391589762
2011604156
6243727528
6884083154
6232019884
27957051993
1633351828
8206722059
5608858481
1799684657
13552935834
3262745668
3195861376
12627522244
2347741351
1486323732
26439484172
9946968016
6294145854
13585247102
16861773761
5378258848
1062738782
19039896557
1495013058
8963436686
28827478465
27680471632
8608868026
1968669491
7398382445
10439967886
4645568998
18620736559
16437809436
6422625585
10744013270
10866184681
23364819438
2934742888
3559384047
1826578256
13077733690
5498858824
1616358420
10919251539
25856843146
25446102864
3670619721
27734638550
21436904886
933708732
9852903700
9849418133
3141855868
9181928357
3106214952
1926837875
10977901874
27847022591
4841345048
2868951140
9363634841
9516051505
21463650365
28654023946
2122838082
28143522064
10510781616
13749564932
17089949434
17831888629
3461712721
5623654409
14447151915
9171180987
16738443184
8436362437
21677848412
6373441590
20100828434
1444501076
11769624392
1115383880
257328888
2176301939
591114342
22963885798
8463005341
3600348474
28161935113
6979361173
552209120
8356466020
15553370610
10262465424
28169747868
5529398035
4184982534
18101167763
7564887586
23378689660
1787836233
11234264665
1063099082
3903353623
9065084993
742612693
27395852126
9682919200
6340548172
26685936659
3907029668
7388746403
18611235035
4026790707
6046591137
28458710402
3942521603
4760836489
3120970462
18844046117
17416489456
4666075779
19009488506
13045278402
8509012898
1350780714
19537084205
10502124122
2103118530
3283948997
12799145301
5406341335
7143989418
2280121648
9057279924
4488897429
1215131455
1590566281
5908224447
2041005715
2165835592
8957045298
8915975284
26777976029
7194890544
3660313703
1259413305
21661994230
9639597132
8782045909
22646651327
4923140861
8003563964
4429642934
11113062553
3405040295
16468647478
1443881565
21625724991
4002673869
3214584689
2315998619
25391776255
7731156641
15885870307
5875138729
2751631552
5680420057
11464919944
27635674721
28815514220
6896579203
2305972182
695428899
3956277640
24812492157
16881682311
3259787744
1590620481
6829656738
5311303026
8214049470
6269248552
8330973707
2997339584
5446852073
13755394526
7636561633
8286550358
15448590540
4085688999
3019171347
1498931202
8390689303
8702109065
12033333752
4583122896
15507436201
20189318304
8535802633
1813715551
9000204405
14897721460
2235432165
21534105955
1924151582
13585253478
2374449011
3196881966
26650136266
22089560362
9752901380
4372903975
15883358511
5995402418
2270326700
27702493693
28893600003
7904759155
24332248780
10407238964
26545552480
17601575875
358138907
2323173930
17464836503
641513931
1975570011
4517064716
8159843200
15273923912
4566261790
7922314006
6263250865
22911342361
9638720700
28247897583
2240678783
14084091936
6711606064
1509929972
23953543946
7451882969
26081225634
23879367873
431173080
1547057640
7685690520
28404573031
28593026622
11426429927
8628077255
10604591821
5828065941
1582113949
26917990945
26450693972
8923565353
4286280097
2116888204
22982513253
5884571175
5770671519
7129307104
3954470096