1463200485
9472962193
4197485928
2154758663
1706486646
22622552027
13151962302
1721946252
2252704483
8450761733
27955388778
8736215173
6113032213
1900492906
3322954137
16655284821
3018965216
4068605526
25720610782
2099042016
1525141094
8395044593
16230123778
4776022690
7120784738
17216980796
7283761743
1117844629
2154584008
3291597533
4202186172
7872557089
9436466023
8383763747
7083387973
3525213842
8121512911
17944989615
25577759415
1457679144
12155476242
2932088958
13600898325
13954773177
27293029386
2263481729
25926176783
8588091222
7619911162
3004375256
7899416581
14565184172
5353626680
16452246399
11701437498
8743031536
7277811175
27461622648
6785535698
2270200608
21933359075
4903861649
1902323324
4326539945
13608133756
1999528815
10746043400
3501626900
4729143506
8897165649
9535904431
21971549976
1609700423
2928186949
4687042679
5187519602
24587761546
20406609025
4853880879
1634944114
7761279572
1568479334
6996901592
1695911527
5788887454
8984444571
20739993442
22737212111
23200230922
8020959331
15909027273
3512737506
21724684488
26929942333
992383606
905591599
6281179517
4469703132
5401383668
6844912295
26797308299
1488176430
5882755095
27686346351
4053632438
9429103047
25823822011
1671778241
4539139016
8436885214
15004358282
3838206451
3056349637
9923660880
8451019658
1992469057
10018708161
26992487182
18113146662
2045450287
2732964711
3574215101
3257112828
6518010596
2083102930
11282113385
8728471523
9203423541
28457537588
25466845691
2045063429
22450700121
5400289335
10112105653
13136107121
2684845055
6296223636
12174504725
3279469880
21008775278
13020860355
8761141609
7139647195
3123346315
8659384794
8536892932
22806605383
12901604100
4364253384
4653297692
11661625880
4834645213
5764299784
2675274674
4110364458
2203421160
29540793992
6076339893
9493896170
27990931946
2084488033
25556934699
4076194464
28512314193
1550483221
12992190974
1490458411
6910982954
13768928356
1530951394
14982583735
23408578501
8706432986
8894487884
18972295056
16974572634
21787050410
3253525285
8110690994
12404842985
29101338007
8331276427
25819810465
1124886440
21458280574
3663209705
26461076261
22923931926
25845863679
27716159861
27723006175
27124534840
17128694065
15259481790
1363025963
3631234117
23126860327
3926474879
8899414008
6770302431
6724968368
2093516684
10446267973
3209105556
3440358997
21272698887
3209761056
18401978983
10931926529
12999452123
1905253292
5891407116
28104762489
1413537815
7632930785
28235711313
4258760123
27063088666
6263233958
2117174543
27036246794
11139525660
22424866389
4586666034
6293280324
9299429181
1555530543
5326394792
28373765941
8645091598
5356264738
15540264775
1693136558
4113662092
2109071409
8764076052
3013717534
23833201959
27650724409
26725064085
1510202642
5877421975
6347966158
3000496219
27628525106
8601151261
9415666951
9125129494
976846123
4205149974
1547282470
1383680753
8035443388
28478797205
26429139047
12345035128
4951539959
3205278687
3719298974
3615193948
15143497856
4188276532
8043874799
8687178798
20780699761
9614683952
13724698736
7054537137
28748970194
14292587844
23436496073
1431714080
9058172902
2036215316
6199630742
4974399239
4253761096
27643125195
8225463797
20102990287
16331620999
3112294060
9201517826
14032722269
5507313776
3534829998
10028576535
5316261715
8641560152
10135809272
21304334801
26266476014
8628712491
22084908559
5593257096
17842638824
3046403421
6819469596
1328940504
4989492259
7529887159
7391114325
5718947627
1285069725
4658031719
5051932354
26476809483
5321114258
13259482554
26088538471
25376102723
2113943891
3229718865
10347281875
4368613938
10849102734
1802361434
26256455658
9306321976
1654392151
605088909
20262447788
2009902851
25152236060
9711517911
724665915
16132408304
4133791075
4430884650
4934017926
3670251657
23473311228
2090326140
27554481924
7407048952
4236984792
21646612847
17560575548
5751971527
8336425283
9507225378
3232106009
1420125675
6688006957
12137131023
4156310453
2935847385
25305502276
24807412911
6802941284
8131776561
1918010682
1734837232
8781782131
8724742392
20188424812
1704319011
4069110313
1658215191
5534445781
8701439666
4472537571
4573043863
13775372795
1689294262
8800863670
28811865947
1409279803
5868772080
26009555315
13799672547
5697470417
4677284735
16171918205
1459104956
8921806336
3647740559
1709873843
5546581612
7233101282
10189441547
18734379209
21445222891
3082519694
2217384614
11349765195
7336315639
1944623223
9759669629
1930368266
6412510159
5707540353
28081468867
12276944309
8426597899
23884270428
1058517229
9311413195
1947731480
13806575905
11066199756
1323811742
22602917239
5363822593
2272581972
3518060145
3670775485
1694507568
18019321007
22013687736
15209313186
25457845174
2963994759
5787219366
28253998109
2081727532
7410705149
3233399744
7046291349
1285765399
26660467802
6771343662
27500116222
9280059239
15172733468
9776747559
9393618380
7285260551
14894660764
5469500051
11222691673
1457379352
7537980560
3134024425
27780508046
27183090032
3679208138
8451249478
5536259118
7653161723
10917882054
1731217503
3461375181
13505433540
23470412102
3004453792
9941030040
1738993046
1704616337
1621077132
2006765093
16090966912
10624558440
28842112025
11363206273
5882011098
6837982180
25846126832
6907919840
8965078329
7091558346
27313859852
2026755034
26472978215
21934712251
2039828730
26648167380
22910573444
7546803215
1950266716
10203734347
9894661310
9169012016
5686172535
6797596136
7172557403
5859076521
9474959008
25870911319
4719224297
25925553087
2159275795
27469286898
24046612796
6875187404
7748487139
3083392222
8439382194
26754885410
27406102596
1640657303
10466919163
3534399465
6252754725
26797031169
4044245213
25734510625
5770405224
500081366
12502056630
1963333886
26662566895
4253704979
2189140332
10864724935
6331653681
3543723264
363272564
13603861706
12302936660
5753009663
10188637383
12832804731
18807782885
8905871395
14581580622
8081723111
863971497
9551305132
18018663049
10352553906
8156127976
6070417695
2195338607
6900241337
19355104785
28202382380
1528059304
1672046867
14507326749
21638542271
6236076565
1539411665
8992620480
10373640555
25321158079
16263904465
7324701512
6053632566
6781666825
13752001665
5531131706
1315504428
25000100802
6922224176
27763889996
11308523963
5806440562
1366423426
24800700722
2299033043
8499822964
2308355285
16513245571
2206216041
7208572974
17130372635
3528824968
8600670421
14206668646
3121856913
3667431785
10935777734
26238431279
10885587988
21952258752
9227098071
1476463058
3981374277
3016790878
1494524643
7020376374
9055607591
12025707833
1526143101
28223885922
29073026443
1690425449
7754710139
6049568283
9964893956
13483689199
6587853131
10394201160
2577974061
28686971639
23927498970
1759045695
15498399143
2007939947
12504160430
8002868765
1419714204
492235584
3892206197
26424208577
5325798985
5399034255
6840747620
26760441795
15067205431
17116069402
2275100328
8444980370
14760095224
17634065652
7437625146
25683294107
26213022889
10466233461
1607052068
6263341352
2880334898
27001098805
1345985648
3247435062
1222804687
8039522762
21675280621
1491697556
28338193523
23941148619
25931395784
2266720534
751220711
7641546296
8111312614
6523625333
22803671827
6360685948
4663115797
28013379859
27254643206
8478513130
4307160881
6704506385
14000081258
22807461197
5907873183
4083882055
6161799110
28162221032
17782477792
17790357075
2363874750
19105444966
26665286638
10946784555
12102148969
26522312433
25686067109
6851348508
1208454783
3609019598
26465874990
3242968029
1046655898
9550349624
26030489756
16160053787
25393741714
5658627444
8880732871
14538486633
11075600737
11905926659
7446645874
3039299128
3205677755
9505971733
28512114445
3669246639
8915710635
1980176451
8703832408
6299899054
12424503321
5462201745
7527381254
4639127917
2007223763
27008702436
1566289777
24501704163
2053063302
2098209139
3287134571
6215139877
17095086643
7608773104
11137929579
19315996475
553706838
13487212220
28968416248
26456547464
21435237363
25514946547
12557594007
10090137506
11298775653
1785390505
13846023050
758277556
26791752317
1417488624
4303272907
22189897453
3559553234
14513501757
2398144302
6725772751
6331001782
1783150522
22377526494
21692829297
1496265477
25086642879
5844184577
7807695322
12614343117
993206963
26982460324
28334963879
3144732114
26255181775
1916283359
21517349255
21878866687
3925120545
3185906058
1681881436
12907272949
6247527260
7106894160
6221118416
11392215084
4386088502
8246827486
9386074745
28263025129
2309887835
12830499680
26823623679
13041973317
8974821576
2920202649
12977365979
19030822946
28153868044
2314238365
10230889160
27735860812
27913234171
6877411004
25588370553
14225905163
4664617223
25001033751
13295023899
19253191442
7995596102
11218042977
2056051299
7058678104
5030698133
4300255609
3426160198
1371964241
2927437079
2190235830
2057169463
10949324020
23208270165
1948852010
4390718668
14039987036
1772618006
25778735062
2283132502
25522989487
8363866371
9382361193
3482840839
6061577524
5821550798
2374028328
16205424817
26768452361
24297073771
15427240668
12031970093
1486526497
25844549562
22827454139
28599210190
25554446972
1044927584
4311496346
8422076994
1733092340
26418131302
16698607890
1400046341
13049735131
26594080004
41252082
4041087114
1971159681
442182750
16398076653
15045102874
13333146181
14224892788
1410650242
4662571001
1280947637
3765519067
22325983599
14700702513
13038632581
11125559370
16156933586
8746587982
651644086
3417067562
23307076763
11283716197
28263752532
3615909719
7137330289
10115953175
14682358196
8996508366
2105360347
13472089854
9057613755
17292245463
3681466379
3010146401
1258220881
15268447349
16320674592
2213446834
6354098814
1580642649
27046781979
7006862665
8023155342
26531149711
22970973480
4733853648
10408743782
12807252518
2016185619
2111506642
7697691652
1383867848
20291050827
27281341036
612148939
8647353528
1566037838
13742906448
6916798122
21632706726
5520128965
4464347790
4610457350
1505330622
7087261124
5360892979
1976137868
505912263
27310885424
544087368
1443571498
2284139655
7261941898
1439154560
23170174556
24414215
1659539551
16232947091
25527288780
3272416025
2693088717
3552312301
6086942398
8183962771
12566117583
4555422599
4036969057
9428618934
25683016904
5880396777
808664965
21895772258
1719670809
21757683382
27066880604
25516453230
25871404675
5466262633
9025863328
2011604156
2315877532
21729518588
29538313084
6243727528
5520705140
6232019884
27957051993
8206722059
11349911004
9846141225
13552935834
3262745668
15504062838
25754554478
12627522244
15141383974
26439484172
6682383168
1750984164
21666487809
10388714826
26094800723
3619681737
13585247102
16420981340
16861773761
18380269375
5378258848
26014757608
17696440125
13857251727
4510810833
10323476152
4008864888
1495013058
8963436686
27680471632
8608868026
7989692914
18030523666
20663656718
3249069560
1968669491
4645568998
1915899061
23364819438
2934742888
3559384047
13703451559
14529415273
12506392677
4535769167
1616358420
9125087712
10568341012
15147018574
27734638550
24162653407
9852903700
9849418133
3141855868
9181928357
3106214952
3418850754
8746578996
1926837875
10977901874
4841345048
18127652706
16705545440
8734545396
2106262750
6772391196
9516051505
11104986041
26008395814
28654023946
2122838082
12044959673
3554248668
2263119849
2189930724
12796788743
6680240217
13749564932
17089949434
10676159064
7273663028
4287389005
10943212684
27940266137
14181913840
12134002695
14447151915
3973594378
16738443184
3074248880
4230807773
3579284095
25852449318
26655403155
5497835077
27032926752
16740013084
20100828434
9441552579
1404718089
27742476008
11577834382
1115383880
2061732622
26462718700
2176301939
591114342
22963885798
8463005341
7808052137
3600348474
28161935113
2002257066
6979361173
3988241736
552209120
26981998448
5501435164
1664792339
15415506175
15553370610
22715023924
10262465424
7729231447
2078292653
17087693928
23390871211
4184982534
26555768576
18101167763
7564887586
23378689660
27657765285
26170568893
3903353623
22261219122
8162288189
27120752819
26298840107
3520871800
6340548172
8570455932
9782849039
9684225018
7388746403
5696589994
27398546849
8741175385
26726855269
6943740817
4026790707
6046591137
7086096768
3320716606
15272896352
8311005147
3670321409
8544136379
5618259816
6235580042
6305816634
26092435192
9004844071
19009488506
13045278402
22736856970
26523347443
2880406240
3944997567
27910483766
18724221311
1350780714
8032012705
10502124122
10398466651
2103118530
2729381253
5406341335
21508934360
21143357297
1215131455
5598899097
1590566281
8148923723
26462762430
4327349234
13977717090
7961923784
330680682
26725029471
6930130659
5455541433
26777976029
656984503
25931892902
6148160625
18111564227
16331624278
22362867247
1288907216
26272538938
6345289476
4547866011
3258195032
1061483439
22646651327
4923140861
9190685670
4776715030
26028270508
1402261381
4429642934
2906439598
3405040295
4002673869
3214584689
2315998619
2364991858
15885870307
5875138729
2751631552
11464919944
27635674721
7519817054
2860002785
8746522559
3186763242
25144014783
2305972182
9446914806
695428899
5576473339
9263239820
2089112230
3956277640
28156454474
5797639359
16881682311
8612494502
5652063550
9122998159
11178126884
3701473966
26936368313
8318159570
5311303026
4217263563
4366433735
6826512330
3044518521
2997339584
25971380918
25742353421
5703569757
8535615006
7636561633
2290272605
540084666
18837275748
22208734171
3063571752
3019171347
17431896354
8702109065
8594680564
15507436201
183624497
26408107860
3181769420
22250414365
4298854507
9000204405
8900148054
28222567317
26994967173
9468695961
6025345240
1702122632
21534105955
1924151582
13585253478
2374449011
19855127556
3196881966
22702325092
9474562395
2441781068
26318625115
5995402418
15450087107
12560325532
2270326700
11338589290
10407238964
13750217171
26545552480
14559373857
7278915397
21975064571
358138907
13978649309
6333271858
8652011976
2312826005
3615732127
4517064716
15273923912
15510230513
7780798526
1106208592
8230240937
22118255990
17325641158
1432151479
27063676655
5376658222
1620836425
8884181806
4566261790
7922314006
13782007503
22752224257
26101812025
1082962626
9638720700
1395230434
2240678783
6711606064
23953543946
5601344241
5564119560
7451882969
26081225634
23879367873
6036968270
431173080
1547057640
7685690520
28593026622
27166997081
11426429927
15389067603
1435137136
20195279661
8628077255
10604591821
6275118206
2197638594
15482769532
5828065941
26917990945
26450693972
8923565353
4286280097
4252131340
25072006018
7129307104
3954470096
8297083032
24318273894
3265167980
5529520130
23308336744
8433786180
25499405634
24487938435
5973044287
8500751260
5783418947
2132526506
6695036123
6730943828
4310259348
922198960
2239078497
10246666687
7693486524
8297991565
18370295633
13512338335
4483978499
26825635672
19123428849
21234024836
6771855734
14232457555
1519016394
18131916068
1557499074
26164894860
8256170277
1591406998
19135777650
21234651327
8314325450
5778970792
488496227
9128948195
1713294366
6591467918
28619253593
8469901560
7235870192
1545506303
5616375111
18184705862
1452718609
6245914080
26506988142
1459267341
3154731467
27162630755
5560443158
2370456607
2195177560
8521835840
12029247002
6890904882
4750354795
13039718835
8020910297
3036655870
1364420495
17691634298
3149829510
1101963297
4118169824
4232218950
14482372954
26894662915
27300061883
6043572331
3208898523
8356484436
3662665040
6260448940
4573547490
11465425923
1838010939
7109148299
16632780915
27882156434
16687826175
13116505532
15841375231
1573691174
27940215442
10870916892
4540821214
9035310465
6539541438
26937289015
6242897537
1720130466
25128330659
8748591334
11432924189
3671409746
10836213738
11052976227
9227548323
25587456592
6156852534
6817522055
6004498658
3104257995
4177532479
1972098772
3203882566
8673843485
4198391150
23459132449
27554319105
19572064481
24754505470
3660063429
28107767038
3962956858
20734007233
7296319285
8510182949
3663743375
3171275363
15528156894
8076607602
2253412677
22615195338
21540483847
14337443932
26340910926
27778814423
1362137752
7545002907
5346818940
2136145743
7473289551
20333925579
26402689268
10707072934
18340275127
27845115968
2234310324
4821663950
2272062303
8271091972
23292147091
19046791952
25606133279
10406333866
1939924702
4149729398
16480656807
3567280889
9907685997
6678042190
3924827022
8662914616
4722322808
7183744033
24276170338
1544503809
3011405704
28495624952
4649441074
15404606024
4075095852
16717911507
3529302065
10687662502
1173227617
15223651052
1792851772
6828984960
14990244729
8483449943
7538658729
10743486511
3116866539
3939654000
11301528863
8472436489
449572006
5676145785
2163910173
11070181455
4199546888
4260510868
8277547529
6866551703
4153437510
3593183597
5574113473
1811836212
6994378480
27507682868
26709508911
21905889552
1720708726
21482216839
18079347942
22842307624
26711006772
23831396612
28658354724
7455917372
25802561958
12319667313
1739506085
2973154431
27381378182
2269639042
1910817451
26585968045
2182566313
12026567414
6248092745
1776082249
9284318153
7096592927
2168441387
5949016012
6393385372
981246989
5823268855
1805734522
3685685120
1481949172
3069000909
7522242535
25140023478
6366243536
3654559630
1743381386
24285095458
1579254724
9494417661
3159897904
8521469583
6592359441
26937129993
1499982856
2963008872
6320495154
2994874962
7487663050
4180408280
27419659095
8431200278
649104417
27724565336
1689475767
25938091088
2027833533
28086206389
12859878230
3642733104
1695680004
2239566420
28676850799
5619276532
4903573952
28704295245
25720832421
3565122208
8302154368
11219414128
3095920471
11137981616
20052823946
14107705260
8143647864
570586664
7187023778
11659179135
27304023278
8998582914
2289098214
27030327029
26805355629
6067930912
4656280132
4449924985
11123672824
4607466363
4642857472
25366576129
7918407945
1976087891
3927695434
25954027707
9166281037
18965204167
26689634791
5932537323
26076184815
25555665475
1089824671
14479439596
21635110893
27284485710
3261616135
8582188692
25635066589
21299735133
6325053113
1914766780
4349103250
1489970570
4450820535
11641144713
9848070311
2018999602
26426723651
2009845869
1252530341
10172101469
8175520645
6799592122
1439405896
2072480007
3118136372
7482804717
2887084449
15052975676
3032352342
4010379139
23233889439
5031091458
21584093575
26696617203
3127246884
6236923755
8554027046
3145427957
8173544675
5500663679
4453228609
9659557127
15430411224
1618402647
6912555469
1626333759
3863904559
3604022189
14466144067
10485938432
2243933176
27291337410
19057510616
6177754963
4050173278
2706901414
25746616653
7052234673
17094726445
8935684147
10466071819
6088565569
4466075489
14793006090
12532395055
16882921057
2301967527
5895006000
15306763280
2245063018
26944120610
1728907431
4514365948
9145135795
8032636011
5816079575
9668656509
4872141720
6273798913
26055830268
21612761793
1907974972
1574720986
28417655584
26959840975
26044626812
6348038463
11449544871
11096466659
4457259966
4485411533
10620770642
16209155788
1370306819
26257988676
17133926360
26798720072
877158188
11659627572
6532626376
7147211953
1471220941
7795263991
5873152020
16350811064
1966993371
9524472239
10199864974
4323701734
3600671651
6965122533
5631575841
5695848732
7062900722
9929420414
2324815792
1228531192
12418729626
7324144396
8616732820
16637278361
4846978212
6038306445
23855676703
23348135615
17874117084
9493570648
8038849653
3466216637
13259884550
1621896402
8915071299
827918000
8942796688
27698399919
1795941300
26743985257
1747468293
3117013178
27264324777
16349033672
7953213562
21204382524
10107669160
9397353255
14100197572
6300575211
8492223387
5376468217
28210399770
1651882696
610172344
7931608458
15215082687
610374255
11690946264
7774502420
8236252151
1975048397
26537602763
1251091145
1011723312
1661792460
8254113662
1788789738
18982076327
24337592756
550798161
4645545566
26188496448
5402191659
9681718529
18969502057
10382804676
11121030736
27949863420
1674140874
24747244889
29524881183
8310347179
19446338473
600010903
7471313700
24315625127
15978025778
1592880049
699548465
9228614682
2271978912
3542064604
4676705296
5762309337
27675695666
21312776417
8274190407
5500915395
18109438644
6874539363
8500703210
6823486371
10497633663
9046701437
1580132769
13973408867
28401945058
8637160307
27210241954
10648204110
26333613890
8775455047
4621239361
7630718203
17844734428
5798065481
4165796157
28177467175
16859789921
1550451099
2101868458
3703182912
5257513416
3110106129
1990564068
3216343771
6169000041
4592790303
6814842022
27314720890
8592785202
8452339572
18089128136
8162741508
26763998794
2228491998
7554701624
29534705172
7826720015
2220355169
1108725901
8665933192
4111076126
7813713845
4199885868
16872554762
28153194593
14292475865
7621573094
1699212856
4048251014
9172556452
7972258456
12829601245
8744073093
2261383704
3596142548
21809729588
8518147250
2980535717
2280287500
1291883601
14786126310
7661067668
1569855408
4046441592
13453401201
7563511818
1612894547
8086274125
9232797284
12248771776
2062655265
8893501292
15964514026
25495044483
8193174423
3041809335
7630853380
4432047756
2133832932
21788905159
7054699917
1553975321
8226991494
25957123507
3585269287
6419564311
1098434810
3708946540
7927894564
19837909398
8905798069
1184993579
25478458604
9674430764
4281483592
3925979042
20696882378
5642242326
1526098954
22428734458
2284056092
2378671301
8471437068
9140050199
14309009974
11400988577
3502293721
7287040472
8035316600
1398006112
9475466295
7732752424
7460231930
4498284240
12653558225
20652191166
17669285160
22380896433
14191452894
4137536187
21659735354
4584908182
2165322423
6341107995
7750715422
26473394424
3165194071
26410936741
28217896720
1965559035
13289612827
26985124317
14669448080
3646875384
9379255118
187312549
8081663209
7872600903
3528902035
28510469173
6877011162
8170578171
1805539231
4151718718
5378739833
1379714251
3057393904
410626253
3308238917
1046312625
25107439196
17294818129
6018523661
27419131087
9141154167
4725743885
1790497289
2666587451
3619313376
4201060629
1681060959
12513336621
1434341329
6687531557
1793540930
21907094664
15177372698
28751874451
9936652903
10687263896
3067338100
6042276296
3424996717
14065124761
2000438358
6017119854
13830621300
2132080644
6102602118
16710407591
1730379788
8975357004
16856029775
589382983
11672983225
3971197911
1548654070
1653759135
17824010299
5691136642
3077771324
5440882252
21919629920
2197578790
5974796008
5718227158
5891376838
4713575468
1785239664
10729661507
17041249121
5553988340
16637638241
27144229221
3247317340
9166151236
1788515277
14355040087
5695584807
9215728502
20204927731
13985650804
1985039254
25383363346
24773129398
7330072152
22698953546
3894926077
5569279181
2256416620
1440364326
9293760188
2130094766
3665237502
13490741937
8005943324
2396799751
7125106997
1641318139
4155576734
6617710154
7496858987
10198500634
22391579994
26472749085
5754752884
19556170053
17369562500
28714615406
967163839
27668275305
1635585934
23946417771
7151990800
3703331873
2035556067
6261641222
9738500008
4747586587
1547573785
6357137327
6928805319
3599226900
5556720866
2911591568
4012855586
1551044092
7025857564
9445177416
9401720635
3241773703
22223316572
21927417431
8280930970
7270965022
6040042587
27056577247
23187782572
973108906
1570246239
2464496804
4330687597
18178528418
25108585389
6333131947
1904835689
6608075008
6278711839
1774687996
13844418591
20826764026
20731967593
26713727422
23281975312
5596439011
3869355689
6865673603
26925535221
14981474053
5318944180
7635359212
22661697158
13956337751
3288254601
3587253089
7471543636
3428667265
1520807482
21997058616
26260130213
26467699200
29055713343
28894296262
6289363298
11145736008
1540601418
15864205740
2297101832
2137843084
2068244557
9286904106
28193713669
7738455808
1796528937
27964233560
24028397805
7881224432
4499350786
4098994340
5585287801
1564945235
26973928513
20520035745
1610678623
22731624970
7712584785
2256411359
19589630262
25320799435
12901327452
21990583641
1402339732
16321571118
803091300
12300853872
17109821137
1353057850
23444478760
3963028443
8228369468
6887742300
9373940582
8795901056
5906494953
9535680186
3218332590
18871253602
5712445654
22356419306
18154467218
19685867828
7112434005
26657169078
3560036097
19937963522
1180279764
3235307342
6796429392
24102036539
15369516062
4248999554
6360003780
2211471983
3171649978
5833815617
1513547030
26005987656
7584328915
2018859840
1292667776
4098018592
1742160697
4664096764
7422113519
21785414255
28143280727
1601801724
26424999033
9860410203
1524046557
1292806350
5656298221
6776287964
1431084090
7666748724
7079394503
4101009447
9137488473
8491472170
21454271583
5683074024
6875704162
20188579533
4536134656
9685735766
6176703571
2603125056
7728349467
2521337909
26741779837
4156974759
23775758668
13832625384
28957185429
1281504176
6055637456
6205891259
1403127111
5922843436
5707421799
6205912719
8254049446
11786087745
27979331085
28714076600
18571607418
21635047348
3630631010
6913547674
1373708982
9062260323
26266009097
2261992100
2228871660
10730498408
4318749279
673931917
7181936952
25087681477
8262038513
21615837623
6766472438
14781076646
10938674574
14902726445
3045403077
5670606531
1554990380
486395941
24965729804
27391589762
9167830163
8289506276
23370967296
6884083154
5658149113
1633351828
24742247324
26672333286
5608858481
1799684657
7085695647
27153618666
8015101342
1904929298
6661022513
3195861376
5594806330
13568706581
7129549929
19737718879
2347741351
1486323732
9946968016
7949476894
26288847548
13580331243
6294145854
18143929414
1062738782
19560940473
19039896557
8634982433
1629266899
2922752959
4754718217
8191776840
28827478465
7398382445
2540759342
10439967886
5583132101
4489877770
8075032018
18620736559
16437809436
6422625585
10744013270
10866184681
4728815180
17459022517
1826578256
8257093514
7465679095
8653381188
13077733690
5498858824
22968630184
7195147011
1690973762
10919251539
10498800790
2153842829
25856843146
25446102864
3670619721
21436904886
4749680112
23410382255
933708732
4928927126
3859343824
807933189
27847022591
1706310716
1540374479
3030941853
2868951140
9363634841
1521363545
21611507802
21463650365
28143522064
28455449041
6257631144
10510781616
17831888629
3461712721
8322445449
9174805057
5623654409
9171180987
8436362437
5973974816
26651636161
2243322944
26765349139
21677848412
6373441590
2229281381
1444501076
2378269787
14506845698
7979812993
11769624392
1506595298
257328888
490565108
8477158013
6675186219
8622757604
28919095190
17610993343
27374901733
26671574088
3003018053
8356466020
2327486853
10832223845
7073488845
8964764876
2040182441
12331695397
1831532316
3159008864
11110330945
28169747868
5529398035
9545537060
1787836233
11234264665
20992096209
1063099082
646822468
9065084993
1557502907
742612693
20437368153
2381762526
27395852126
19889001
9682919200
26685936659
8381677465
3907029668
12122099176
9888960933
10917822226
21287706731
5527530340
8887381948
18611235035
1423047989
4047471022
1216270076
1923374392
28458710402
3942521603
3063611682
4803406745
4760836489
3120970462
18844046117
17416489456
12970172117
4666075779
1000917588
8509012898
27403318073
7248729892
19537084205
8318692272
8900902810
3283948997
21259549463
8245695409
12799145301
7143989418
2280121648
9057279924
24125974696
4488897429
4317869454
5908224447
2041005715
2165835592
8957045298
665168151
5618955401
8915975284
7194890544
2253569722
4238139702
3660313703
6045119872
12558948553
6856846483
21842027438
1259413305
21661994230
26677202380
7586035974
9639597132
8782045909
10372171611
8003563964
1575721749
17617006370
11113062553
6260906985
1184936476
20883448542
27448910551
2336634551
16468647478
1443881565
13292230294
21625724991
25391776255
7731156641
7158722781
5680420057
25801191226
28815514220
1360786960
5396303031
6846186802
6896579203
6634283317
2214856537
17939286249
24812492157
3259787744
23671792151
3083323787
1590620481
6829656738
2902508876
12153287472
8214049470
7499981068
6269248552
8330973707
6896252573
5446852073
13755394526
8286550358
3986049571
27205110434
4212945327
15233205319
8520119432
10396559467
15448590540
4645290645
4085688999
1498931202
11540823845
13148798015
28872349994
14512262031
26314056473
8390689303
12033333752
4583122896
1442758638
9307929878
6200171546
20189318304
8535802633
1813715551
14338605558
14897721460
2235432165
6504497460
7511182520
6233487505
5614412422
10827414488
13544877397
11797576337
26650136266
22089560362
1962930713
8965348695
9752901380
4372903975
15883358511
5625195009
7516645422
27702493693
7888646008
28893600003
7904759155
24332248780
17601575875
2323173930
27487662090
7665263215
17464836503
641513931
2235376889
8944212387
4159992907
1975570011
10749579349
2271333210
10357347273
904054309
8706111143
3662202406
6876956552
8159843200
2403701297
24521615584
25443454967
27947357167
1530006899
6066969806
9644576970
7613194853
28235084039
2082685376
6263250865
22911342361
28247897583
6261775621
14084091936
3607374536
1509929972
9192587469
7630844532
28404573031
28123379309
13628338442
24730202633
8894022188
1638784859
1421653029
18380296296
7935417327
2124212021
1582113949
7989519492
18518361157
2116888204
22982513253
6009602191
5884571175
5770671519
3105197378
