29060367349
2224485773
8482013411
7607632727
27867619316
5444529057
8988967435
27126472442
4014706632
16186408615
4050741372
7161887071
1362925270
26349778772
1791285262
4628202998
1412395594
3934098189
16746891309
4390718668
8901669628
7015299759
4321934251
1772618006
26944303278
27872762248
15940703068
8295648606
2244825767
26057647148
1558618436
5686398263
28406651102
6315228000
895479485
22827454139
9217263203
28846572838
5731264877
1044927584
21510832298
23447540950
4311496346
27300077911
26594080004
4834704801
3414596914
28642114409
9433261152
7289743464
1280947637
27792777182
11628175693
3671564746
26469699567
8655209186
7959159571
4121007603
6137161292
1525404273
6732222016
5524019103
22718178348
1703019240
8882790888
15984645784
11843884385
3231645798
15214251652
2107819956
7194919100
17920137120
28917823273
6097579638
9715170315
6088926184
9765600127
330580807
7573077333
13550443880
5447937173
8567060032
6209084053
12101148948
7225454041
27939158968
6834405893
16119723917
3570070006
7472671766
28226809556
10710398438
11184439715
4703931866
27450968056
7638759272
7074116531
11633411128
25270879511
29142413894
20791511259
6354098814
3147335077
23376468576
19556334420
8536883465
11541348240
5722759500
7736621719
8541821925
15749941784
16985515679
23580984643
18022444927
27856096920
27996209717
10022371880
6614467274
15852815573
2006928382
23100637835
12568557312
18802905697
28142438486
13321899787
25284680925
5415875234
4674967443
28590796255
8674819058
28980616732
27171470030
28938260715
15396816692
7675505863
7838920313
8239354783
9441238144
21041829680
26793334436
23591488158
5759034580
9441104761
3312560556
21758921875
8012755431
8145820452
1087994262
29138101974
5394599270
28964128600
2168424902
11201688558
1812357881
18489866996
16334759945
11564389785
4745205397
28741975695
3603974793
6015026270
11674169601
8042861145
10361510308
5478039715
4278408371
13692654389
5369319642
7459024757
8132229750
4517732490
9298815591
26529165489
3626827284
7931899679
2061026944
1429842016
10805809238
27395456161
7043889223
23911321592
17336344401
7058196495
1979019525
6353305493
29137350091
4277490793
8178565456
3008273312
21712366081
7770996803
26058579449
6151951169
14315684351
15867262880
26517399135
28210894718
9389258256
19786821366
14353646964
10388714826
5863563647
1787486116
4323073230
17940480178
2050486186
2208341536
6804428068
28852557560
7624314224
505601202
7989692914
2190099898
11146941045
28882678554
15176557253
6052487252
4645568998
22247286156
14993730980
7409478473
14480553824
7871256823
2028548742
11344999956
10215597760
8906375039
2291536531
17879481914
44205637
10568341012
11314956381
9745709724
10001001742
7198233637
28696908393
6862959141
8925495409
4151629437
9849418133
2122843416
14434534041
27514679070
28102742738
17624189809
12406138978
7747809394
13924182200
21965658878
26235316487
26178510112
1651881062
1723435205
6655780944
3451607591
14112968572
28110236875
6680240217
13749564932
7586637159
21732721003
539333633
27132745563
22742579587
2284252298
8588856837
23838145412
2622468192
28211989415
27280667302
27897554079
11874843471
8128997750
27032926752
15789111854
6082409394
10564769574
25839168636
25572172975
7360321265
5352586846
5928401511
12019430423
3583658259
3170486898
6140565260
14532072365
6080366238
2038740520
21860822479
4851484635
18013388422
7452029153
4269738751
20160888175
3651435940
1687729243
18085650273
8588302324
9248632345
3546802629
28568503824
23390871211
11633327319
5514875607
13581055316
28746227475
12314677164
7694550220
5384943942
16937133961
8892212071
3903353623
3505293410
11064335467
5438099900
7445263078
7750842273
5590887077
1951540231
29074461728
4570653395
3600224770
13820056366
5696589994
28602439890
5432792708
23224389132
7086096768
11695568191
10658285705
1432223971
26289505479
1020404391
11311592311
26940939716
5000988410
19045694201
19845890739
24970239061
10916696848
10330321990
1470306698
14884958100
7296857670
6934873987
7857194344
8342127598
22215104562
3502859576
6279129373
3427830541
28826146548
14024572848
5848926183
1709159428
25305071664
1590219033
3837522427
27194931796
3186595844
20983738925
27937219915
14667388264
1942161941
1810426440
9523419547
22706134988
18267153084
22978882563
5604646061
10178677277
2111411806
26285444892
9202241203
28389635083
5941467555
9658165321
10811827024
26243914688
4069833713
7616575626
10423563283
21420882935
29108925877
26903453357
11228933214
23352013459
12013607976
21205399434
16372670480
5466725543
6080008346
2326878300
7001314229
1935243978
9462821599
2129291867
26710943945
16205591703
13838384288
2299422647
15885870307
5571132833
25358042902
7950866481
3216175562
1575026559
13854339412
3628265452
18775180567
4713765269
9278202839
23179037399
11632159474
9297598285
13601601681
7645072731
17901438285
2009251776
3588762872
16753684113
5161566873
8396629478
6326139209
18743412457
5322661228
25556441222
2236863287
3426853271
7752598611
24314569708
13782693500
27730923930
19250967661
4908976165
13850324385
3290447834
5396431009
3297533365
15298872099
15475443029
28017749295
7777216439
10935512853
9676193587
17644401167
3533053500
21720128135
2885054917
28080274708
2249084922
24523745704
1523415427
9029071019
15192177239
6277252269
26342307789
26187004304
7224360525
8711429880
1386190038
18992546427
4050935880
22472520788
16091893405
11833932163
7210464362
10124899535
1418624858
9961392410
15940512435
9528013166
27460049944
29317954512
14261435008
2679673130
16613939722
26933709733
17395220447
11899775469
1548164903
7796236227
12914830210
13969046744
7439986888
8768738113
20023967164
9922067093
16366907349
13460120346
7278915397
8948005945
27418706346
4853740601
4667364077
18501010336
17678994009
2475862516
3655536139
12808611829
26440622077
21660960633
3804442704
9133321008
4063438004
8178572547
14520612097
27474892523
1744227548
23123277092
20663357541
1106208592
5943779173
28831498509
17576217787
7992392302
5507496094
3030244946
13852942272
5353119425
7204013571
15871931473
4566261790
21429032702
13331191549
4478864863
7380359578
9269194024
22725338947
8081463485
10930531153
4795925308
22938249199
2021092124
8430072088
8669539626
29068808990
7497508009
7685690520
8632816560
4861793439
10864440470
27166997081
3627182673
1435137136
7500223814
1452185817
1812687217
8628077255
5815754767
4461369951
3058129307
26458704610
5792910119
818526351
16175888624
3263180742
8915511203
10590044583
11166366923
9035341129
26247570556
3499183247
2159540387
3547319504
27895592762
3863041798
25520958393
6256598767
8724517423
8784539757
29355304568
6225479844
9377712755
3819206360
5980016147
8014674713
1510017095
5860514411
6142169783
20742772049
6958316865
28130311295
10406070947
1315567878
28612519439
9930469354
2948252900
5098639683
27953185739
9687602139
28935540546
5390395106
5686792119
15282948828
29050889507
6997925169
498311309
11211970664
8312077556
16624765584
6895951670
18131916068
1633858003
21154254789
20234346877
15220565517
26052214484
5337109181
2692959003
2402162085
4161896216
8173714804
12832758107
10820382842
19978592434
1527043760
3124353536
6315392392
10608726717
5778970792
15793277352
9616688667
10690602252
3869228336
23384191524
7938388861
3171839435
21524161317
4519378348
2022170515
2327847707
1687305920
2183272194
6607302631
5935886936
1414694735
12985475017
29316160628
4056666378
20775402219
13739598197
27438080206
5560443158
28703851134
13347149138
8548608890
27643654268
8237481321
6249813540
4750354795
2916044700
4640802668
28943329472
28883201448
8618731179
28462481934
5747384078
6353417596
14325790655
1638104201
26982209942
25774054319
8744197671
23081339995
27490864512
22615610705
26894662915
5973554407
7541115090
3978445996
3208898523
11843551082
2213817729
26440673558
16640101709
26741871229
19141743521
11222408423
9128905888
29124068223
2209524109
1976565950
6644749874
3133652549
2244615358
3929201975
4326456425
3130302048
19339596782
12520195871
22810969956
2364375889
6682887718
17855113595
18797437306
28338269833
8934910290
8067271229
3104257995
27629369104
8394601116
1972098772
19838526018
4302739481
7535478813
18820463774
5772673291
18806254457
28606771998
6015633031
21781773089
2951663925
12032075228
10580376677
17638470384
25335410644
15983607591
7162293075
5479021154
28107767038
18618096740
28858909769
20734007233
1610737628
7201932799
29070832361
29046244894
16806897188
5589587731
8739886668
14574902356
17912307224
15448925542
8165596043
5713639552
1680799441
5716483126
5346818940
3453312315
6719525494
22952384293
20020699768
1470323567
4555011905
13355885498
16407614481
4821663950
18497907488
25606133279
1288592509
10931268196
27256613385
15853980754
22982950621
1799416992
6645182526
22140343964
2085476944
27523876249
15188102528
1424354684
27786546380
6484475014
6191711687
6666945386
27538402195
4029301003
13521855206
2199265188
7852087009
1544503809
5562265862
22260861531
5713492505
11847039692
8522979079
25997379810
8550127598
1739536705
6440115446
3128515465
25867367257
10687662502
4535064693
1792851772
4264974335
7643096089
15016246678
28620910102
1980249672
10212539883
3108125480
1547467572
1475884853
301273931
9769722910
11301528863
3238572044
26982978530
12895090666
27464957386
2049908203
6933600177
3071599525
1002385489
22651670563
9691535220
10124835190
25807007671
26971984600
9699984269
11140885147
4323224090
7229453436
25315774457
9382751329
7455917372
6204757468
28929434394
29096998006
8546871691
11935642723
2925337015
7869795458
8167011217
8411865293
9549863280
25583230554
7202509243
8899519357
25081830812
7047278024
11079607212
4433129045
7411078267
8445694375
1829077189
18376249107
7975463731
3167138917
9371182681
7710403761
19203812967
10887797367
28139529253
28264469688
26509719896
1938249784
10320820257
17929659516
27481441207
16129730613
25958153991
1481949172
8470328130
7395660036
26113081745
11204403930
3654559630
29330304424
27144487036
4927320893
15788120723
3264227051
4519786462
7098972319
27474578029
8516690375
14322584809
6331986687
8307233283
7444007831
6289815198
7197730793
1501656791
7818540652
28419995130
26491387871
2215397988
24258913975
16869736765
5784183988
28096634489
2235964988
4364713817
17569272611
5805914528
10954063382
4265113766
9548272559
18557400721
6219847735
29096717809
2294020336
20699065930
28420810050
8594833900
3243951933
27070150924
18874647707
7650043410
26787605889
24310715989
3598891566
12328712041
22237037741
22892598603
4255509112
4094219641
4184649002
4009849151
570586664
8412216785
20275441147
9199650788
3134040600
25100064468
26113640102
28474603109
21634360064
8998582914
8561669020
4275040645
7962868145
1158848915
7097937684
6865556341
9657120062
2272109515
28812730558
20787161992
8610164855
19208275177
11617058073
15906972188
7918407945
14891510970
8978876726
6442628724
24046531067
10982507976
3513300600
8145899658
10684914035
13366933390
2037622680
27773992185
10679646242
1747578792
3596183894
21936243877
4259103848
9073805289
13144843209
5412110148
7994646823
9660275536
23167702505
9933205503
5755595094
840044449
11314405282
4680806555
12533495448
1460513105
9302245861
4569105580
15765001241
6024416991
28499609521
7473475024
7027590734
26645398347
6994956769
21736572892
27368712379
5582613132
5500663679
2371083078
27988820007
3606793994
11634845186
6793443906
25490840849
8888652913
10946825962
16399817178
28731807710
9200045470
20026422255
23392196643
11534057756
29280032217
4052103569
2933575107
1344950962
1631865152