7787421825
5542654479
6587236099
26283590843
17176205814
27957818487
3910764355
16868501191
7549479990
9361112205
8440464662
7621607122
7338077251
5727496353
6477988961
6132792639
6874582035
5641954618
3927659993
3961091117
1415981344
27167122118
1588737131
5419117027
10452274307
461917783
20701263291
8089110057
29045137852
7120784738
4095025923
28223381571
11427554230
6540669978
6026269233
1546921282
17325022144
25532016858
10113082294
1457679144
26351705884
10383015665
1564874497
9074573982
24592975631
17903669177
6085950869
13090851786
9711325549
20481708196
26810313050
5985366935
16699402223
5948695383
8441205636
7687563783
13734330720
9213209036
14970202951
14188753107
22423462420
16681596127
13125482199
3627816006
9445883132
13356576262
29153524111
15467876103
3627490765
1421959149
4318722976
15972425899
18987066398
4354131447
24886294683
23323775526
5910503060
9620754099
9174869091
1069821290
1695911527
8442519966
8984444571
1655755182
1992609421
27407360426
4006229281
4801549883
27619325022
15788946509
3149531322
12829886019
20693544003
6810546173
28392826493
7217907271
17221270826
4513612770
3170201040
7693944412
9016054049
4012581427
27483222376
6993164135
7540940235
26992487182
1817115885
26549785011
22602137467
1288885494
7439784311
8513845637
7066516101
6816139591
5878584766
7875532539
2225349146
8622976338
8259245617
25941021994
8282699516
695884384
6804894882
2279285795
5398706760
9493896170
22338955330
27660661473
13203958761
13343877293
22508421437
6357701027
13550893115
17148077036
28020645986
8675626785
8362868411
2218174120
10511250383
7529683991
11820693269
27544390363
28605498265
28738740051
9499978353
22748752281
9707397151
7928658874
26057556392
3281358810
2222696784
8588158090
10198994568
20956312387
18297630746
24307741818
18332981474
5755879850
9125854471
5892408659
4294700238
22152218007
7491936893
3968747542
1824231601
7477278807
7130782882
6293280324
8661724319
21198270626
28743179196
8231162708
16497164722
24963560357
27889553790
8464645008
8168837695
12515922647
28513524349
27686924774
7147574240
29042810403
2132301407
7048122628
29285315822
28455383798
22148170341
15878375568
19233427353
8435529810
28334434428
29365793008
25310799487
4412228294
7025174625
13214909482
8640586511
583115256
24267543047
8549386907
18072862772
12387216957
3447705461
14292587844
29144124835
13832765139
7585601024
21192106044
4155912059
24730693309
3620271498
25966940486
5545977355
15878745036
24997689255
12139495458
2091243901
9952983608
8344544418
8763954493
7689513941
26592643463
26641680556
27009950768
8600326011
8301084379
25085091981
7689917676
5617008478
3046403421
28323564757
8235268382
9067183642
5554413023
13118018801
24822026614
4123006551
17284191841
8069045540
4424393816
5791474175
28359167262
9412002452
13958985768
4056015195
17851082825
20275185405
12912237977
22446758395
6716349204
11868122315
27485870314
7950662965
3970913203
4161431493
26103673821
15683743706
1545228951
3535018448
15934056175
14936612722
1741107053
9493860920
26485340096
10012734578
8054214281
5919958571
8781782131
8502320225
12586566635
2085046872
7774686694
8165882813
10440842046
27286531287
22725385897
1802133750
22729687596
10007744092
7043400262
16171918205
5562357407
3224005115
10697541832
8726629680
1833816676
4324744841
6266103846
19609312872
7737023211
18061505725
7183141327
26038117556
13732428937
4864411496
9200403949
7523942590
9853000459
8289371840
1947731480
5495660766
7705885686
7583357933
29055243760
4315378192
6222849457
2049933068
27204330890
16020079330
7454028787
7373151183
1697705654
9009398051
18102270080
19129458281
5766089639
8082201685
4355902172
1435325197
6019769189
6463514551
11623192464
27288765505
10029648464
5559633113
19002214747
26488073314
6679415509
18065403171
12614922995
8235350512
20447915270
12906947609
5373630426
5507914001
1662197689
7714704841
28973912146
21478685627
28402339825
29149316075
5637716708
8512343671
8377882531
12505239528
8031628059
26886182517
1489824542
7957167209
16741299226
23204789239
21232687874
21683660492
25931397936
3081404222
5845676598
1730144396
28561233975
8371227267
7812986028
4173509324
15960577824
7713201606
1076089856
21985775890
10572480587
12637331335
5812635394
5080123727
21289730281
16406773973
29139817874
5670361005
1635215865
6987080265
9000486030
10463396505
6268402941
5985980095
7976050840
8743830504
10598601793
7102077588
9132905319
7338205261
11293220427
1652016878
9546289560
6303128743
3694794595
6819329331
18388900076
5403754060
26313893265
12572617944
11697019671
2081503014
5519284180
26463026400
29160403379
26104355131
8719595334
8268279076
28199634701
7621831289
9510616345
6972133315
12262933555
14500308947
1708841861
3428575788
28368782507
28205552610
28692426841
8643073194
10359849427
14640598329
6030365067
26543814305
8239581539
26427847532
26009971544
28018556831
1577122621
503958815
16837316258
23625021099
7001255746
1703083544
1929046316
6164611872
8996644661
2209936063
8564540868
4227985317
10653065103
3507429465
17686193876
28428441135
27506385972
7452147660
1782033999
10963907174
25763451051
15372751907
7854388970
8233980446
1572201094
8495073559
8357829717
27001098805
13110528183
10271834471
5599271591
27027623276
3432565612
21940970308
9721562833
26963882547
9392820888
19703616607
3970919322
28912552120
14574239963
2250595896
12903212492
1828985794
21642954506
6242114684
10973677062
25116823152
8569001733
18962486238
9067941156
23879424074
28212427629
3975137196
3117942794
1732988718
7568250686
28614080184
11075600737
2090189915
7545335813
11651892360
10203056305
27141183676
15472496481
256513863
22222805980
12125937959
9956405800
9416119780
23284750763
8128025208
3272927513
7175676336
22500247354
10368882860
7423635319
4566567472
5936148179
12557594007
4277904758
24344037014
1936774931
5648351396
28710560006
8473242891
25533683120
7114654877
8626943504
2398144302
25767221820
5994163308
24339280239
1540905295
3574512472
3252580549
29346795646
7730904846
21285481683
2180752667
3835760520
16360092353
28660072308
4441682324
8311223661
8320360221
8745095186
28861128786
8712019488
3217165365
8663877499
6388697489
1176302101
10601574582
1538466360
21971125955
27629816436
12913095284
27422706627
5905946573
7990937262
29166570384
7437101662
23369968975
17535819622
21275785448
4578416871
1456347784
10720419521
13295023899
13782803030
19551790277
21453812711
4279741740
8013908929
22171459005
15206889175
10958445232
14206047229
13258341398
7249124619
28130536972
27534591511
22188827948
7944397350
2143297445
28000477478
7094891371
28981953667
2249738330
4583784499
5625672999
26768452361
1210818290
15284201786
12031970093
14246024898
577127496
1670842569
1358602298
14285732955
8686916853
2255281593
2315152483
10810438730
20420209965
18757345516
1447261731
29314654130
927053032
4005138259
25515153729
2150720634
7685520012
6311865899
3084982416
23621045574
5819077180
28590884864
18102461686
18506486065
2315645692
4466666096
5625906610
1836350441
7913904090
19366377512
13336314740
26544141546
25720238470
11381776023
28824902425
15535844437
29546561429
8407473884
7655355657
2271185287
27050734312
20087034706
1814023619
9201930236
1383867848
8086469211
2092404537
28817084302
3767243417
9520402701
4343342824
8644410566
1652313874
4188682166
7093088500
3505984758
17800445992
8626240662
4768040885
23045343704
7059280573
5819077149
9421780686
6221145174
10002506946
21986220346
12516463381
28215742817
2025020875
13097990595
3137072975
9195780554
21053374931
27496787518
4756315901
13151834728
16881749801
2047061615
16009547847
507145656
27232534830
1585850963
5444068777
12076613072
14434653703
1795335138
24397217516
17901539325
4911577138
9898408140
1663631269
1459150337
25993214217
11146500032
13323195282
16861773761
29293633068
26014757608
5603521093
20663656718
28386004206
7515076286
6614427632
27031958885
27630821227
9131852582
2278908961
7997946966
11325833479
5331856019
6039102108
1145739548
8101301586
5612754534
14654767691
2284450415
17627842990
2527102789
5883150309
27881339523
26592089288
2732835188
7917921760
19127988129
28227533514
12044959673
28461896078
4036308020
3642705841
7087214799
1930759445
5928843171
2257383940
19378127789
8438830110
22704442523
13020599148
15521140955
26442484840
6125433356
1404718089
27786964248
14347462382
2007865143
27497089991
5904418241
3093637255
1173810033
16087759533
12271826035
16030587065
5632393684
4342652172
2307754851
8771271976
27929420879
10213371778
11844963190
2099623996
8382336303
18277801973
6224341545
27048585686
6415711420
9939103072
17712489054
21650202677
5761614415
25390350589
7040650690
21280407841
3461981380
24330078966
12292333493
1516135147
9625906871
8546883747
5745969858
1803248052
21866405333
10447832387
4272530855
11095484210
27726174831
3320716606
22479768530
21891917298
18134896455
15022237412
5884500659
8470948393
28963250695
27641337192
9476998056
22013647785
4265326168
19792417340
18131077422
11773456251
27862715547
4665172218
5856000616
6336944010
16478860445
9443915751
11655364037
14535543327
4327349234
7176764126
20662752864
3436187155
4062538615
26035321127
6883316169
1682263239
6045617368
26494924449
8536390606
6938809401
27383230604
4260602611
23353846728
15983899081
6604676998
13598858643
3414446008
26302903549
8300638243
11670505344
11453979751
21767055098
13239987474
7700216526
6710311802
8894220492
8926764348
6984293741
8272630813
21869865520
4848774552
15064658400
22827601199
12636815068
10893561539
4703286387
9201282158
1913896346
5703569757
7610267649
10864966947
13626880063
8447398964
28802886289
29099717390
540084666
6887672215
2206557331
6556196113
4247643379
3061192900
1170429763
6252425677
8593113018
21765721091
8200630442
18620114559
21647321642
511561878
5912322039
4453546877
17779564380
17616314646
15661227036
15947240458
23351028954
9003820525
9844775153
28263642102
27664446412
9000204405
6276927923
8678714537
17348288655
7459391955
16431921939
24001378721
6773978216
13079347013
1818570637
6036511603
28117225294
9944762198
12354042769
25959463906
13978649309
985156728
25859931074
20053063135
5328061583
23360919153
5928758070
1524887206
20915432763
8228004211
1671085270
9252308598
6379349139
3694353128
16021396675
4697464239
21241445718
4413190412
1109250082
9852406882
3532374064
3665865820
13693494059
431173080
2002719999
27995967414
2368545313
4742612657
4200226784
13583233410
17215925741
26701159241
19269433397
6275118206
29154917698
26908787162
4077035073
3950813292
3222840116
26087055108
8046916679
19078756535
4277231658
19508645829
28203310814
5482824655
16008005907
9022276266
5981481595
9313091794
2695864945
13968551548
19278643141
6080182842
7148447300
15027741820
2177626265
26068814327
8240480654
4516488017
28171148670
19123428849
8785267378
2162834048
3500597826
8301567586
8451808542
29159714492
8314325450
12131752454
6639737556
28871699495
27217570911
15515215920
1980706828
27404355794
9284354294
9607787121
1974876422
1970147729
7040658420
4226523201
12389460162
3080831804
14916566420
560173786
18118151805
8664444199
29149997855
26334171187
6773748421
21279758994
2249158529
15421928391
3319634290
1515034438
4503892886
6337082097
25724313928
9605660146
10597974128
4069978827
8702414360
1838010939
6738752622
4265267833
8738973372
9924113763
1407196606
13574934263
4216271189
4354198316
6817522055
6213680438
8709347502
5398044446
13921849599
13820566268
19572064481
4704100414
4159772030
9714238779
15943733326
25931278863
2945671874
7941123657
8316167780
12732533010
28140176892
28335689266
26401113414
8070307954
1824357899
27845115968
7303988591
6182096137
29122086442
10655601098
4640675549
7740077522
13094645806
14349012200
7198900395
2037906085
984723670
9863817223
27755324657
6423447061
9247510352
3553102223
7531615121
8308159957
14911181940
8944789697
7182257501
8374289339
28337203305
1935764507
3168142499
10201005182
13501672451
5469608088
4021095526
14401469136
9403619117
11134859161
1669083971
7779841519
7385936420
4199546888
2282243519
7225590064
8194647916
4500531678
6994378480
20492025892
1427669594
3995386088
2129530436
8537900236
8895100466
1275119183
6730578854
10513427432
4587863071
7055029650
2368697249
3972724217
12319062790
1136745849
5670672556
27533958505
3260182251
26710582171
18525629507
8471363176
28937340543
17227076923
3670098463
2282909115
8521469583
3109782080
8025493998
8907084427
12093165199
3218812104
25611154441
6534430006
7961067531
14517993896
25938091088
8175611188
9885490023
23651712142
10229729290
8643130577
6318499922
2239566420
20058803237
3904804197
8477140267
22104743888
14714731407
6504463847
7531813425
29320279142
26709350457
21607031564
3563018692
9649228389
3410007764
26068857480
18047646895
12577181026
27517280453
6521992996
24372463044
448822672
8890487401
9202140566
1605760584
8573072497
6701122908
24290637619
5803250536
10182226071
11123672824
9488950583
9074317107
4300245304
3903490127
5625929894
27067477294
3929682694
28734673121
23520469196
7269994602
9886704117
9923706180
1512080499
27284485710
21299735133
1588754740
2355275507
4349103250
11327261161
15660403409
13254672062
18612702687
28025364264
5976799365
23459988660
24005907699
3636575244
9406483693
3292375392
1638398985
16900974246
8554027046
2074053257
22820342618
2271552102
3162714200
28485997963
9121280163
26301075811
3467761534
28861044671
5493981202
5586109852
13617601430
13795408383
3653189450
22717580512
6864891237
5498721905
3655740408
2069084522
8915167817
3085902784
21693344614
3429745139
19603067563
5805770605
7086988227
2301967527
5666651169
8903903620
2219526546
1526350589
27843145737
25764175274
5816079575
7781073362
9254442516
13040671294
1907974972
7213910108
1520038636
4457259966
9641591156
8556576584
25385218625
29347914467
2302399317
9931151652
28916913914
15253640360
10390484492
16897545558
3809654668
6893466340
27456620759
8499089956
19345981420
5428784219
8050533201
13952538025
6625786970
10856333357
7483023150
12658166939
1594042056
25969245967
9044828659
15182761190
25845991320
20537094601
28864550022
28426451120
24512347313
14012105642
5773791105
15297560313
13246579095
11334020153
4517352893
7342058844
28385722019
8192050098
9161653402
9176731886
27545025518
4578503887
8289381422
1414315122
8427645305
28894037111
4054539741
24611370004
9182944312
3144386572
16100847834
1585502202
28390930845
4540495811
13711584366
11703299630
26335571107
4329782939
15748057041
18088472047
7730307270
26767179219
1154060769
6923424636
23131295313
8027349608
13789276691
11120843988
6018763045
1364122721
28401945058
28810004697
4621239361
9210610055
10659224238
8485730324
1427442783
4360865007
4787652087
18618400373
8592785202
5941172839
5521423807
7124764669
10723796509
27745448662
4590909596
5882431070
11913591653
29534705172
10588994082
1108725901
8665933192
14481282687
7616369897
6015428053
16874420821
1416225249
2813818955
4199885868
7383115125
7231029054
12046584512
1699212856
2104483420
1782208854
6049133635
28183481153
2259157450
2315732886
8719288184
5800126249
12622832069
11694243851
7268224909
4004675917
4286796699
19928412256
17444998045
7753318767
1430875530
29150940588
1540841301
5625782528
2313616499
5619982739
2142797199
3783755250
1098434810
2322345245
6027429630
13747223870
1184993579
26094547630
2218668363
15930813390
9728867024
3480644495
6245730433
6881384357
14309009974
6999754484
10356289215
23125414748
21811032415
13768864386
28578234005
6196284660
1347391622
18517271531
8357213940
15665943828
8514410437
10651240380
7064219518
16965277439
24400384792
17581105803
9040589828
1561193558
1564357770
12823275141
7928801395
7894820142
5637098390
14943580363
17523041231
28510469173
16926345420
24087124609
4908311300
11424395975
8740310055
28393744646
6100719581
9397418438
9380239321
18387460224
7335216704
3980414636
7183875904
2263134338
12604390264
7920447807
7872664333
20643033986
10111259763
12513336621
14114973212
10661629897
28216834404
18192981929
10687263896
11046212618
15602570431
2132080644
9154466439
25764512264
1960529612
17784716748
4476480148
22027383463
21672369015
10244944555
19583754475
26041595727
13763007953
21610077036
9054221352
28712603306
7135182143
9179703529
10422028028
6870340916
26501859079
17218234646
28894724900
3963147889
25525304677
6317826590
24773129398
4094590541
5640761141
19153601334
2900046018
20911194828
28708806420
27218744668
11690876131
6921017891
28714615406
2213677612
3275817413
7151990800
837270860
6881534459
21958478092
8774756136
12293875315
8671113435
19018762517
6306617433
28825832043
6051366302
2025643936
13222370445
6703094541
21927417431
7027562913
8220620585
1506548880
9447552729
8928822021
19203162348
1539414995
913630719
3984203608
26567066702
1774687996
20826764026
27786778701
3746782911
26713727422
26447875538
8497109291
3930769670
27769504817
1925721208
14538394451
2182867669
7798228886
3587253089
22112347897
25853297798
8472441739
7873967585
1573297324
29055713343
1319432388
9866968637
22095495967
14950623051
3293399000
6330236026
3008855855
25140569271
15694356053
8241207256
9388534072
9791918039
5913285323
12614152644
9063101590
6994964782
9390963510
28956863414
7319633157
1734361554
3446704145
11110967835
6298679966
18127523354
4067204618
19518942848
28467617538
8699584875
11109348805
8688094551
27127888329
25447231038
8772512208
22922044835
18154467218
3417317108
25977451404
10320015537
10239110039
1960539803
8293986797
13456868761
21455811535
1679929363
5967634879
3066509677
1292667776
10320689135
7137040126
21549002836
6939916580
11142947427
27682457477
2992545457
28831749876
1292806350
25719574301
5734941431
15714164103
16990555370
19829462879
7929058113
20432839096
21454271583
15293739095
24397520845
4836596767
3202394426
9408247833
27641478459
6882427511
7141700704
13690214271
28210494346
5989640512
3514726241
8265705923
28217720930
28258070082
2043969894
6268250345
20237870460
11667961521
8454460232
12653882700
5322771783
25829820447
4454164782
6869894830
7437317263
5739968071
11780925015
21914539999
6422153762
8314047270
5340827510
18555061402
11881881316
8033257284
1570607351
1493846505
14042849549
7428249668
8409948214
2551694178
6754263057
9727040876
3120252302
7358464738
21538340833
9476221552
3480223667
13321800821
16473729616
5676425025
7311777761
7426748161
4366777614
5855480351
4210124444
26313445012
2884991713
6280467302
5506619158
3213624982
7635985125
6878559075
23307143851
4637028564
10231626362
5972547092
7489524457
4842872731
9229140593
18840118684
4232150590
16948516079
7479524192
17456777848
8925343465
8423731642
8984916482
9696888333
3578464076
2162832419
14946330264
4219960960
11594634894
28234444593
14231805917
16881308152
15008063031
10161171987
12852896675
16363737932
6608933631
5623654409
18312745049
3657610326
5973974816
14309529376
8443517659
21677848412
2339302068
3470591955
13515519432
7746085342
2229281381
6158788709
3655463331
1468348836
26770175462
21380903896
8488230114
8622757604
28453395123
27943810446
25773387469
2250611756
3882184114
28635259466
3410811301
28389113126
3144375761
1524794818
26910981426
6266062138
5606455215
21481014377
25144545178
2130491852
6299119904
28459198793
21236442963
7506207922
13493931685
1817165325
7582344085
2251904640
5604272399
9461716267
27719803320
5748432893
1740994703
23327384384
5800042033
2272611471
8204479177
26279498586
9147923310
5890614210
13751271719
11091905165
5572069751
8474869762
4311947827
22503108654
18302776757
7089004448
10450946328
3588854745
28604040933
29111868933
5595269371
26183233319
7635033483
14887644531
9445099436
6988252120
9038132164
11572706340
3303809239
9486923847
1788217804
9639597132
2266047065
13230114422
8691836887
5052523310
4114433085
9971883971
9786099967
9055926804
15484956703
5532519068
24276082394
4549000553
4192841167
5751783900
3107263704
28815514220
27471334111
10223205386
5515270537
7423879075
16626953281
6829656738
4087298143
7586522125
28838385241
1422206511
3678591744
8757729114
26460076609
14984664435
3665193006
1926109809
8654856531
23234294456
23359656847
9883272703
5726263947
8641829994
12152982802
7360564416
19843202781
10913944242
27686448575
11231211315
1953579903
6159721156
12263024254
358762011
24148574679
14353814501
3283476267
10247922627
27377292778
28872349994
6314838086
10503087777
23658029309
2561603767
6092299952
6336902858
16822576003
3977436977
3710197122
29327716038
22637948966
2066082430
4231022797
27457081990
6199396461
13544366798
3970578557
3579242884
5889630370
7286927889
17406694408
14400991404
10655926164
15232298742
8773614512
8002602329
22089560362
29528146016
5828903519
25814829765
22109150423
29131907063
6092867516
4073692317
8510821664
27607735460
1561297106
7390780803
4746152106
14174842969
11286549745
10891215469
18906291014
4674500820
14659400780
10357347273
6738599668
3293244660
9269235628
7989824458
5998927801
557224986
4333873745
27651408095
2403701297
1904330122
1248793562
29100010542
3065776279
17046582110
4090800706
3841088495
11841698417
28882672229
4754164436
5885604931
2333188009
21676443405
1963387553
26682403809
19833003491
10460558049
11440632599
2135506960
8569596919
14563313488
10233687279
7337521655
29090241389
3444372461
5847079220
22935148384
3128512780
6998256862
4218721432
8399875865
23329201090
9472171712
6428901108
16122245037
6009602191
25869630664
3138260278
27219598328
6501167795
7709792384
1754395854
4979341456
11346818610
1723319800
11136048920
4298694492
21690299428
4470577019
12768556230
8215475010
9400001115
4394281875
26010451719
6280003891
17578178371
4474057249
4864260336
19281173497
817769985
4833362087
29108356374
2327056632
5881548871
10573851520
2167127558
9417769962
8961572309
15227277525
8689911177
21994865578
8253878024
1647345067
9780886531
15360084102
9441829000
2353256541
5840890910
18079831717
16648183349
28399356027
10849301538
29116200702
19872023728
27472799946
1788840835
1596867866
8425250220
1385533798
6962020404
9264408664
1328722187
16149746948
6172575539
17762920963
8998492692
23527765328
10184310697
16987807645
4050554043
5607183710
8214979913
25356043620
1988766603
28172405831
6933927750
28931898649
5693584648
1930480549
17923173032
27275952102
2003766512
3682235061
8587769078
1696948229
10113030621
5683376674
5776126506
20662896957
4053632438
4442547254
20050509401
12747907802
29160408648
8121270975
4639649353
8803030471
28666284301
27614864581
7490782083
11529901231
25377727180
7617147229
20566747782
8549831746
10490517812
8081075249
6647440844
28457537588
3427600159
2045063429
7197516128
27372241205
8903285376
6975243834
28936852409
14288354004
3477741105
26286343908
8659384794
11399341180
7670284884
28110718475
9727085476
3426938800
22719653100
8300783697
12910130915
22495853697
22567953261
18597725567
14004028474
4178185314
4076194464
7043491576
17593150503
12547307794
6919673889
8446054533
1494140192
16833798539
16899332578
1652339037
5928695217
21915412971
26916335627
10862399855
6358702555
1625499734
12190932457
12769201025
26586062718
12726600904
16026908955
13332945719
8395428623
5836359799
19689564754
1741721436
8496220125
11071107172
13824271723
6342959411
15172389846
2876280105
26022721326
24388980268
17194570403
7935287183
27177037234
19705792573
28887431324
1742243155
9164908880
10446267973
673697396
5971236428
18401978983
3732620001
21233605408
8736461567
1578134011
22471769815
12893861295
8095703613
4831039330
5356264738
1700304636
2521797558
6610764650
2514157452
1285885554
5138912368
15602272641
24513087634
3969153857
3068619298
23116420305
16417779299
9415666951
2027319150
13862177430
4180152793
8230880244
14304255245
2898564252
12312512986
8179579721
28459378035
9614683952
5936873638
28629042008
4281973823
26063548841
28805939210
7927483966
5751282323
22153221830
787665119
18369238324
16234138979
12891134810
13044686366
13223249907
20106293510
14545707591
8464113504
13794147526
7376906714
3607193762
6938366790
10221197449
1741458903
13148790176
8051224516
5891568304
28737804315
3181782032
1452124113
17371306412
8429948077
6258925671
4340490953
5816928672
11164339018
1645012553
5649765594
28123880948
5657181228
3719165438
13259482554
27941859750
5326591818
26319344148
3262234271
1963947439
5742727870
4647769471
7126016937
28973659373
5615249380
18978071247
14476206815
28488471411
27540688136
9929325578
5758582629
27239118750
24094420306
13964343421
28489581848
5993553870
1303094117
7443566440
27155492766
29333330510
6811868418
10951080939
5317216688
18657208591
6931320827
17584746162
22011549979
22967557185
3581809428
4552537988
9281662829
2935847385
29525394582
9242653440
24778793776
15252686986
11540400895
7045686332
5672038882
21030904276
4993733048
21902892913
6934386278
27895484858
6764590100
6276906497
8144202988
11136266446
10946249022
8713898086
7604543636
17121654346
24380309292
8593244866
21272281430
17382598735
7780119613
29149358334
3068535912
5949753287
8429097507
5818699565
29346410528
6833487714
8456542841
5692696132
2149284324
6170452108
26280872161
26813719181
1455459894
10136545214
23458305647
16650305066
28737241527
17628545478
1956887669
7239614439
8041492368
19339501439
28270912905
9681463382
14177358626
8193884814
5806048753
8101593881
22752623000
1626241691
7075927463
4539733853
8435400219
16926401570
1621077132
22185358677
2949179897
4057423150
16090966912
15363644949
1700517522
6237618909
26713521845
4132718885
1791275965
22910573444
16822917968
10848792686
28934709772
9206801757
2936284437
25868646702
14101554867
21532168356
12388986115
1283556719
10873064265
10828437400
4504859536
5367910545
11432729965
13617442242
1640657303
2290129385
6392325670
3167373243
27001543623
6428689609
12502056630
8460935796
363272564
16571695470
7112233943
4864190869
28908398323
26468152667
3027361605
10139370165
5935603413
25814499152
22170374856
1622444199
8487249028
28434484363
18753844833
8782826398
18018663049
28876035835
7046486495
28687010800
2195338607
11700374049
16922989737
3480020434
17853773054
9056111940
4352216751
28601777452
13753383540
19154662988
28360924338
7602536764
4483281529
4375186657
5681291400
18001841715
6870164384
9706764901
8445667764
6902732304
11626672302
8059597650
1323489316
7651735526
2307617897
6809395398
12594431475
6266271653
5401300900
5365046411
16119506770
9639992593
8426878116
2931857317
642264945
2134746598
10361702559
9055607591
8991540377
12787026065
22954658598
4323106537
15421969400
4335173834
13259743666
23927498970
6792743300
22722798482
19240307515
10695129963
4227416672
14813352263
3226965256
25099441472
14760095224
27212083243
21658547283
4567504069
1680821144
10805420432
16614730700
27771374206
8479386064
1345985648
7645357063
1479925947
3696102865
2558622677
17586192831
1838270068
22470754941
9029773947
28829227963
18859289124
3010999601
10453429730
7350737948
27299618148
5653409761
28971041755
3430554082
1481344057
8604282471
7882455672
3563176007
26828926854
2123846919
1198296494
28503075390
8222928689
10357682257
26650342122
3954810958
28608300650
4861302438
7142360354
3117378599
6036682506
1655968624
16160053787
6485901042
8026125011
7948787645
14807406210
18244479529
23472120839
7027419013
17908752002
642981572
9164696605
1745124238
16020452725
10750485918
7761996811
3669246639
3233852895
17938347831
6306481553
5824850388
3419056542
7077443773
28753436109
5870624476
10983630694
6791587506
7613208452
7679689241
21713045907
16348881022
13814408930
10599497983
6009999345
8571391037
15981471474
16080049098
4084875381
1590494564
10409441087
8050141959
25748786189
23787526391
8339094846
4288125593
27704889160
21840260590
14754887296
5602048124
7752667585
3893102802
3687074096
8070343912
28821989247
28849726758
8229962269
28969701523
8317773081
8623406268
1564051204
2990648042
5350666049
1954766769
22006487215
20311228507
4386088502
14428588879
10207467527
11866969981
27924216474
27407990503
27745259913
29309520211
28241076008
8974821576
22271450127
22673368277
2086890465
4578540383
8614325390
6487421650
29293932643
10230889160
6063692009
18590476084
8705083242
8920206097
8916622827
29060367349
2224485773
8482013411
27867619316
5444529057
8988967435
27126472442
4014706632
16186408615
7161887071
1362925270
4628202998
16746891309
4390718668
8901669628
7015299759
4321934251
1772618006
26944303278
27872762248
15940703068
2244825767
26057647148
1558618436
5686398263
895479485
9217263203
28846572838
5731264877
1044927584
21510832298
4311496346
27300077911
26594080004
4834704801
28642114409
9433261152
27792777182
3671564746
26469699567
8655209186
1525404273
6732222016
22718178348
15984645784
11843884385
3231645798
15214251652
2107819956
7194919100
17920137120
6097579638
9715170315
330580807
7573077333
5447937173
8567060032
6209084053
7225454041
27939158968
6834405893
16119723917
3570070006
7472671766
28226809556
27450968056
7638759272
11633411128
25270879511
29142413894
20791511259
3147335077
19556334420
11541348240
8541821925
15749941784
27856096920
27996209717
6614467274
15852815573
2006928382
23100637835
18802905697
28142438486
13321899787
5415875234
28590796255
28980616732
27171470030
28938260715
15396816692
8239354783
9441238144
21041829680
26793334436
9441104761
3312560556
8012755431
8145820452
1087994262
29138101974
28964128600
2168424902
18489866996
11564389785
6015026270
11674169601
5478039715
13692654389
5369319642
8132229750
26529165489
7931899679
2061026944
1429842016
10805809238
27395456161
17336344401
7058196495
1979019525
6353305493
29137350091
4277490793
3008273312
14315684351
26517399135
10388714826
5863563647
1787486116
2050486186
2208341536
28852557560
7624314224
505601202
2190099898
15176557253
6052487252
4645568998
22247286156
14993730980
7409478473
7871256823
11344999956
10215597760
8906375039
2291536531
17879481914
10568341012
11314956381
10001001742
8925495409
4151629437
9849418133
2122843416
28102742738
17624189809
12406138978
7747809394
21965658878
26235316487
26178510112
1651881062
1723435205
14112968572
6680240217
21732721003
27132745563
22742579587
2284252298
8588856837
28211989415
27897554079
11874843471
8128997750
15789111854
6082409394
10564769574
25839168636
7360321265
5928401511
12019430423
3583658259
3170486898
6080366238
2038740520
21860822479
4851484635
18013388422
7452029153
4269738751
3651435940
1687729243
18085650273
8588302324
9248632345
3546802629
28568503824
11633327319
5514875607
13581055316
28746227475
12314677164
7694550220
5384943942
16937133961
3903353623
3505293410
11064335467
5438099900
7445263078
7750842273
1951540231
29074461728
4570653395
3600224770
13820056366
5696589994
5432792708
23224389132
7086096768
11695568191
10658285705
26289505479
11311592311
19045694201
19845890739
24970239061
10916696848
1470306698
8342127598
3502859576
6279129373
28826146548
5848926183
1709159428
25305071664
3837522427
3186595844
20983738925
27937219915
14667388264
1942161941
1810426440
9523419547
22706134988
18267153084
22978882563
5604646061
10178677277
2111411806
26285444892
9202241203
9658165321
26243914688
4069833713
7616575626
10423563283
21420882935
29108925877
26903453357
23352013459
16372670480
5466725543
6080008346
2326878300
1935243978
2129291867
16205591703
5571132833
3216175562
1575026559
13854339412
3628265452
4713765269
9278202839
23179037399
13601601681
17901438285
2009251776
3588762872
5161566873
8396629478
6326139209
7752598611
24314569708
4908976165
13850324385
15298872099
7777216439
10935512853
9676193587
17644401167
3533053500
21720128135
28080274708
2249084922
6277252269
26342307789
7224360525
1386190038
18992546427
16091893405
11833932163
7210464362
10124899535
1418624858
9961392410
9528013166
27460049944
29317954512
14261435008
26933709733
17395220447
11899775469
12914830210
13969046744
8768738113
9922067093
7278915397
4853740601
4667364077
17678994009
2475862516
12808611829
26440622077
3804442704
9133321008
4063438004
14520612097
1744227548
20663357541
1106208592
5943779173
17576217787
5507496094
3030244946
7204013571
15871931473
4566261790
13331191549
4478864863
22725338947
10930531153
4795925308
22938249199
2021092124
8669539626
29068808990
7497508009
8632816560
10864440470
27166997081
3627182673
7500223814
1812687217
8628077255
3058129307
26458704610
16175888624
8915511203
10590044583
11166366923
9035341129
3499183247
2159540387
3547319504
27895592762
3863041798
6256598767
8724517423
29355304568
6225479844
9377712755
5980016147
1510017095
5860514411
6142169783
6958316865
28130311295
1315567878
28612519439
9930469354
2948252900
9687602139
5686792119
15282948828
6997925169
498311309
11211970664
6895951670
18131916068
20234346877
26052214484
5337109181
2692959003
4161896216
12832758107
19978592434
1527043760
3124353536
10608726717
5778970792
9616688667
10690602252
3869228336
23384191524
7938388861
4519378348
2327847707
1687305920
6607302631
1414694735
12985475017
29316160628
4056666378
20775402219
13739598197
27438080206
13347149138
8548608890
27643654268
8237481321
6249813540
2916044700
4640802668
28883201448
8618731179
5747384078
6353417596
14325790655
1638104201
25774054319
23081339995
27490864512
22615610705
26894662915
3208898523
26440673558
16640101709
19141743521
2209524109
1976565950
6644749874
2244615358
4326456425
3130302048
19339596782
2364375889
6682887718
28338269833
3104257995
8394601116
1972098772
4302739481
7535478813
21781773089
10580376677
25335410644
15983607591
7162293075
5479021154
28107767038
18618096740
28858909769
7201932799
29046244894
5589587731
8739886668
8165596043
5716483126
3453312315
13355885498
16407614481
18497907488
25606133279
1288592509
10931268196
6645182526
2085476944
27523876249
15188102528
1424354684
27786546380
6191711687
6666945386
4029301003
13521855206
2199265188
7852087009
22260861531
5713492505
11847039692
8522979079
25997379810
8550127598
1739536705
25867367257
4535064693
1792851772
4264974335
7643096089
15016246678
28620910102
1980249672
10212539883
3108125480
1547467572
9769722910
11301528863
3238572044
26982978530
27464957386
2049908203
6933600177
3071599525
9691535220
10124835190
26971984600
11140885147
4323224090
25315774457
7455917372
6204757468
29096998006
11935642723
2925337015
7869795458
8167011217
8411865293
9549863280
25583230554
7202509243
8899519357
25081830812
7047278024
7411078267
18376249107
7975463731
9371182681
10887797367
28139529253
28264469688
10320820257
16129730613
25958153991
1481949172
7395660036
11204403930
3654559630
29330304424
4927320893
15788120723
3264227051
7098972319
27474578029
8516690375
14322584809
6331986687
8307233283
6289815198
1501656791
7818540652
28419995130
24258913975
16869736765
5784183988
28096634489
4364713817
17569272611
10954063382
4265113766
9548272559
18557400721
2294020336
20699065930
8594833900
18874647707
7650043410
26787605889
24310715989
22237037741
4184649002
8412216785
9199650788
25100064468
26113640102
28474603109
8998582914
8561669020
4275040645
1158848915
7097937684
28812730558
20787161992
8610164855
19208275177
11617058073
7918407945
14891510970
10684914035
13366933390
2037622680
27773992185
10679646242
3596183894
21936243877
9073805289
13144843209
5412110148
7994646823
9660275536
840044449
4680806555
9302245861
4569105580
15765001241
28499609521
7473475024
6994956769
21736572892
27368712379
5582613132
5500663679
11634845186
25490840849
10946825962
28731807710
9200045470
29280032217
2933575107
1344950962
16638176194
20807094045
5340747340
28908544434
26657037444
19064241825
1943549498
2216384186
27884203784
6987258276
3057782392
4872141720
8942711296
28417655584
3643722719
3580130308
4342713535
6776997463
11166728338
29348577332
2184378844
5476329083
17143627554
2225479096
7422940292
6268291293
8934958767
5922282608
4657297678
9929420414
23296588627
9694228942
28951587199
4597568396
4086886986
13315150933
8326383292
934479595
17934213475
21884631520
1795941300
8118914452
6478528750
23857155526
5946688827
5864598791
4274196569
26445517648
6937862726
1977241125
28154065922
12258672594
5851717173
9165589472
5505072839
22227961684
27682585157
10099708372
1692299815
27642049219
6956373744
13712425094
11298913487
27772176944
21466916784
13597358207
26491878093
28741230317
7597500188
5676695458
5052351378
2178469909
12434812481
5932686177
28662054406
9199630338
26786648608
2012756038
8310347179
26275176495
7893175081
21714318642
5515637178
18064234189
3063748520
27234731582
7445748925
1204576990
25543263133
3947917113
5996135605
14746919882
4374490992
1449836859
1470012170
22103690982
17902325597
1578855521
15446740076
2249857151
2142635181
23793963086
14908649528
26289249900
2316675638
4012418945
20525621853
27468152912
21558663305
8417358348
5374254801
9916248495
21907295255
26344914603
7087016924
2220355169
27793378336
13813199191
5444184189
9384826346
7558526181
20074338002
9972198075
2010942834
8664472636
5462622650
11176071889
4956861902
26473394460
27722605098
4160559978
9180872697
27383989113
3017944618
2734330507
13796417042
18108753003
5321421835
28957561349
8598494982
11043538135
29304631628
10944901279
5772157202
24001086611
13116294653
11134114249
3211753931
1662159597
5752538956
29166577972
19523756408
15731584281
27153511707
2105171857
12817352929
9175404072
6999595929
13216112322
1605787148
21745891474
3026486621
27290313029
8066291318
25280341910
26274963962
6969816093
27509546200
7658682328
10843576705
12287008419
23334730524
10144696674
6735620808
6947246711
1979212631
21464337898
5869798873
7867928184
24192000881
26347404911
11374531519
7378339703
28108576049
8923479090
5342351003
4335773292
3242263256
2313617313
2255538634
28416981973
9287370392
4317282317
4273539336
28905447846
12496735890
23110150540
1467622659
9940578085
6306226045
26286284940
28823245734
6042276296
12407218949
21467343118
27300468275
1527386647
7726842471
24902452561
5827893607
19204076999
15853190691
8533484323
11672983225
2875737786
13865422826
9051228030
1549885917
8118613570
15504748505
21919629920
8133904420
1938123258
4537912200
9603335714
23150812133
10746052481
1983880203
20744548925
15271248812
19336105811
9057156778
4512164725
12333986545
4192893541
7161924323
8575231970
14355040087
1448521808
8119152826
11601472638
8941189625
5490265924
5569279181
5663908021
4334059959
12906308768
14004891234
6466982584
9373727737
9392014386
21675049075
3416246464
1641318139
1900731727
29043450737
25145320349
6251629290
13935054428
2123865874
21727116413
26166351592
7123344393
4727798699
1912574732
22855955330
22033649973
2041400554
28130105072
12737610508
17803735175
8883293397
13305302633
3934962889
16817065145
4087033010
13844418591
23281975312
3553366888
7967337786
10211756927
18571395471
26929402090
12130306918
6323637505
9030164954
2222752824
6834334338
13269255867
5888350419
9206430935
10693376296
24499886585
13008261349
27907596225
941287457
3989421724
4117971318
1323757161
11796404945
18141327600
5774016703
6851890648
8597708281
25965394627
23446349657
1616284839
28447353565
12305383305
12982531266
9174334969
16135135757
1780145420
22234076066
16503999819
18843957867
27176460857
6810781560
5598862894
13773277154
1292721358
14449671656
4102691491
4563764095
1456244444
26486586831
17093641628
21950295699
6085574873
24102036539
17895083421
6077176472
7758489383
28747501564
5833815617
8155411469
2243851703
20202992011
11877494271
10806178736
3895692766
4454474000
8031022814
7183221544
28611794406
7023945778
13705912517
6007041210
17286215574
1944049108
8213526350
14764606541
2526281184
8646224113
4059319941
11313131307
555657265
23775758668
11201552754
7033297006
26477614730
26445071914
19727953654
27225125670
6414024311
22009740807
29294894916
5361177349
6196817521
9198439587
18516208338
9732330576
26355005269
29320807316
5575777602
11285403411
3520521802
1951172289
10466193880
9303674391
27276315906
8922980535
26649885117
3149681153
24897949407
27847331850
28659210283
5929150379
3077733042
4202228352
4454234572
793082320
21540114080
7085695647
27153618666
6762349625
4037709750
4988519959
11163136108
28962099013
29148957676
26977455237
15699801519
685992873
27028838013
8652338462
17436181797
3914329511
8200448524
8214343716
18006495253
19320139778
28727147364
7389220061
28731861365
23051744817
9279394818
15969445947
5676707123
7076349473
1574714166
2026375000
15763730712
4470986680
15916257464
8672481952
17567973139
18160444547
13041426464
4352516424
1404506728
6253337292
18156603963
18157148529
10993701011
2266541291
2024885981
3187468231
8783310438
12887664803
21459727330
20346566227
9278797240
27314494752
6922198575
20799937319
1142843918
8175183294
2310487498
23666907561
11948763784
4593285175
6227765083
15777775057
23133003404
8436362437
8136581347
13487319105
1628997715
4540323728
8590770778
18145861452
17294175303
3612323698
3592707315
5352675667
3995002360
28108929300
17610993343
2313238585
1387946093
8288968683
29044191280
2285970592
27243489960
2327486853
2204529506
16847867233
10628517484
28162409164
27181482022
26194214541
4323794693
8509277646
5529398035
7127040389
6803607650
11234264665
6166781125
29331187922
6226386636
2663605867
3639340327
4060308252
5631855078
22174169424
5891100584
2012602214
27849227640
7455513274
15423264911
16650683162
22599488027
10162451951
29065080553
3080900310
7953668153
11141218752
4760836489
13123908721
28844848078
12109419818
12188285301
2650679359
27248567472
8438543681
8443897781
1319734274
11133162468
3293798763
9016613544
7950096531
2203786798
7693940855
3057928156
4488897429
26024988653
10708011560
7612997491
29524753689
8286617452
10381598761
3230809436
8915975284
6160530912
13459764258
6617336167
1445803274
8143270988
29529482142
2079505678
11113062553
8584839756
13341420064
5619713342
2071864400
28829765121
5572621421
26692591570
26402563589
16896538508
5433397139
29309803534
8650589485
11527760015
4018310727
21691566035
3468437527
6743415303
15282632900
16701077766
3079207632
9605837480
26735791209
7277002600
29091299585
12630411147
4239730923
17687688251
1261956663
3408531451
11044808209
28367116067
21623046125
2159483982
12348332477
12398390967
1537780539
1328138400
7864943230
11797576337
7660792983
27861580911
8653364253
12823069555
21708658733
15005823335
8302324283
4517669889
6616009379
8901222258
26072254062
25621828935
3758984969
22718391011
2281892616
5544225168
18032647901
15875187700
29346186467
25990341719
24348536603
1296006344
29050525809
10395284876
2928364390
24518905039
7667493359
26456492513
6224574944
7915898743
3991583697
4839785539
6266109654
9735463992
1610730045
2176849196
9223633721
3413030136
4227143078
18512968293
10444118098
1582113949
24904673789
16420523468
6799240643
6268220190
9260915423
8022291780
9779815531
14460850401
6800136684

